25 25
0000000000000000000000000
0000000000000000000000000
0000000000000000000000000
0000000000000000000000000
0000000000000000000000000
0011110000000000001111000
0011000000000000000011000
0011001111000111100011000
0011000001000100000011000
0011001111000111100011000
0011001001000000100011000
0011001001000000100011000
0011001111000111100011000
0011000000000000000011000
0011110000000000001111000
0000000000000000000000000
0000000000000000000000000
0000000000000000000000000
0000000000000000000000000
0000000000000000000000000
0000000000000000000000000
0000000000000000000000000
0000000000000000000000000
0000000000000000000000000
0000000000000000000000000