100 100
0000000000000000000000000000000000000000000000000000000000000000000000000000000000000000000000000000
0000000000000000000100000000000000000000000000000000000000000000000000000000000000000000000000000000
0000000000000000001110000000000000000000000000000000000000000000000000000000000000000000000000000000
0000111000000000011111000000000000000000000000000000000000000000000000000000000000000000000000000000
0000100000000000000000000000000000000000000000000000000000000000000000000000000000000000000000000000
0000010000000000001110000000000000000000000000000000000000000000000000000000000000000000000000000000
0000000000000000001000000000010000000000000000000000000000000000000000000000000000000000000000000000
0000010000111000000000000000010000000000000000000000000000000000000000000000000000000000000000000000
0000010000100000000000000000111000000000000000000000000000000000000000000000000000000000000000000000
0000010000010000000000000000000000000000000000000000000000000000000000000000000000000000000000000000
0000000000000000111000000000000000000000000000000000000000000100100000000000000000000000000000000000
0000000000000000001000000000000000000000000000000000000000000000010000000000000000000000000000000000
0000000000000000010000000000000000000000000000000000000000000100010000000000000000000000000000000000
0001110000010000000000000000000000000000000000000000000000000011110000000000000000000000000000000000
0001000000111000000000000000000000000000000000000000000000000000000000000000000000000000000000000000
0000100001111100000000000000000000000000000000000000000000000000000000011000000000000000000000000000
0000000000000000000111000000000000000000000000000000000000000000000000011000000000000000000000000000
0000000000000000000100000000000000000000000000000000000000000000000000000000000000000000000000000000
0000000000000000000010000000000000000000000000000000000000000001110000000000000000000000000000000000
0000000000000000000000000000000000000000000000000000000000000000010000000000000000000000000000000000
0001000000000000001110000000000000000000000000000000000000000000100000000000000000000000000000000000
0000000000000000000000111000000000000000000000000000000000000000000011000000000000000000000000000000
0000000000111000000000000000000000000000000000000000000000000000000110000000000000000000000000000000
0000000000100000000000000000000000011110000000000000000000000000000010000000000000000000000000000000
0000000000010000000000000000000000010000000000000000000000000000000000000000000000000000000000000000
0000000000000000000000000000000000010000000000000000000000000000000000000000000000000000000000000000
0000000000000000000100000000000000001010000000000000000000000000000000000000000000000000000000000000
0000000000000000000010000000000000000000000000000000011000000000000000000000000000000000000000000000
0000111000000000000001000000000000000000000000000000110000000000000000000000000000000000000000000000
0000000000000000000000000000000000000000000000000000010000000000000000000000000000000000000000000000
0000000000000000000000000000000000001111000000000000000000000000000000000110000000000000000000000000
0000000000000000110000000000000000001000100000000000000000000000000000001100000000000000000000000000
0000010000000000110000000000000000001000000000000000000000000000000000000100000000000000000000000000
0000010000000000000000000000000100100100100000000000000000000000000000000000000000000000000000000000
0000010000000000000000000000001000000000000000000000000000000000000000000000000000000000000000000000
0000000000000000111000000000001000100000000000000000000000000000000000000000000011100000000000000000
0000000000000000001000000000001111000000000000000000000000000000000000000000000001000000000000000000
0000000000000000010000000000001000100000000000000000000000000000000000000000000001000000000000000000
0001110000000000000000000000001000000000000000000000000000000000000000000000000000000000000000000000
0001000000000000000000000000000100100000000000000000000000000000000000000000000000000000000000000000
0000100000000000000000000000000000000000000000000000000000000000000000000000000000000000000000000000
0000000000000000000111000000000000000000000000000000000000000000000000000000000000000000000000000000
0000000000000000000001000000000000000000000000000000000000000000000000000000000000000000000000000000
0000000000000000000010000000000000000000000000000000000000000000000000000000000000000000000000000000
0000000000000000000000000000000000000000000000000000000000000000000000000000000000000000000000000000
0001111000000000001110000000000000000000000000000000000000000000000000000000000000000000000000000000
0000000000000000000000111000000000000000000000000000000000000000111000000000000000000000000000000000
0000000000111000000000000000000000000000000000000000000000000000100000000000000000000000000000000000
0000000000100000000000000000000000000000000000000000000000000000010000111000000000000000000000000000
0000000000010000000000000000000000000000000000000000000000000000000000100000000000000000000000000000
0000000000000000000000000000000000000000000000000000000000000000000000010000000000000000000000000000
0000000000000000000100000000000000000000000000000000000000000000000000000000000000000000000000000000
0000000000000000000010000000000000000000000000000000000000000000000000000000000000000000000000000000
0000111000000000000001000000000000000000000000000000000000000000001110000000000000000000000000000000
0000000000000000000000000000000000000000000000000000000000000000001000000000000000000000000000000000
0000000000000000000000000000000000000000000000000000000000000000000100000000000000000000000000000000
0000000000000000000000000000000000000000000000000000000000000000000000000000000111000000000000000000
0000010000000000000000000000000000000000000000000000000000000000000000000000000100000000000000000000
0000010000000000000000000000000000000000000000000000000000000000000000000000000010000000000000000000
0000010000000000000000000000000000000000000000000000000000000000000000000000000000000000000000000000
0000000000000000111000000000000000001110000000000000000000000000000000000000000000000000000000000000
0000000000000000001000000000000000001110000000000000000000000111000000000000000000000000000000000000
0000000000000000010000000000000000001110000000000000000000000100000000000000000000000000000000000000
0001110000000000000000000000000000000001110000000000000000000010000000000000000000000000111000000000
0001000000000000000000000000000000000001110000000000000000000000000000000000000000000000100000000000
0000100000000000000000000000000000000001110000000000000000000000000000000000000000000000010000000000
0000000000000000000111000000000000000000000000000000000000010000000000000000000000000000000000000000
0000000000000000000100000000000000000000000000000000000000111000000000000000000000000000000000000000
0000111000000000001110000000000000000000000000000000000000000000000000000000000000000000000000000000
0001010100000000001110000000000000000000000000000000000000000000000000000000000000000000000000000000
0001000100000000001110000000000000000000000000000000000000000000000000000000011100000000000000000000
0001000100000000000000111000000000000000000000000001110000000000000000000000010000000000000000000000
0000111000111000000000111000000000000000000000000001110000000000000000000000001000000000000000000000
0000000000111000000000111000000000011110000000000001110000000000000000000000000000000000000000000000
0000000000111000000000000000000000010000000000000000001110000000000000000000000000000011100000000000
0000000000000000000000000000000000010000000000000000001110000000000000000000000000000010000000000000
0000000000000000000100000000000000001010000000000000001110000000000000000000000000000001000000000000
0000000000000000000010000000000000000000000000000000000000000000000001100000000000000000000000000000
0000111000000000000001000000000000000000000000000000000000000000000001100000000000000000000000000000
0000000000000000000000000000000000000000000000000000000000000000000000011000000000000000000000000000
0000000000000000000000000000000000000000000000000000000000000000000011110000000000000000000000000000
0000000000000000000000000000001000000000000000000000000000000000000011010100000000000000000000000000
0000010000000000000000000000001000000000000000000000000000000000000010101000000000000000000000000000
0000010000000000000000000000011100000000000000000000000000000000000000000000000000000000000000000000
0000010000000000000000000000001000000000000000000000000000000000000000000000000000000000000000000000
0000000000000000111000000000001000000000000000000000000000000000000000000000000000000000000000000000
0000000000000000001000000000001000000000000110011000000000000000000000000000000000000000000000000000
0000000000000000010000000000000000000000000000001100000000000000000000000000000000000000000000000000
0001110000000000000000000000000000000000000000001100000000000000000000000000000000000000000000000000
0001000000000000000000000000000000000000000001010010100000000000000000000000000000000000000000000000
0000100000000000000000000000000000000000000001000000100000000000000000000000000000000000000000000000
0000000000000000000111000000000000000000000000000000000000000000000000000000000000000000000000000000
0000000000000000000001000000000000000000000001000000100000000000000000000000000000000000000000000000
0000000000000000000010000000000000000000000000110011000000000000000000000000000000000000000000000000
0000000000000000000000000000000000000000000000011110000000000000000000000000000000000000000000000000
0001000000000000001110000000000000000000000000000000000000000000000000000000000000000000000000000000
0000000000000000000000111000000000000000000000001100000000000000000000000000000001111100000000000000
0000000000111000000000000000000000000000000000001100000000000000000000000000000001000000000000000000
0000000000100000000000000000000000000000000000000000000000000000000000000000000001001000000000000000
0000000000010000000000000000000000000000000000000000000000000000000000000000000001000100000000000000