25 25
0000000000000000000000000
0000000000000000000100000
0000000000000000000010000
0000111000000000000001000
0000000000000000000000000
0000000000000000000000000
0000000000000000000000000
0000010000000000000000000
0000010000000000000000000
0000010000000000000000000
0000000000000000111000000
0000000000000000001000000
0000000000000000010000000
0001110000000000000000000
0001000000000000000000000
0000100000000000000000000
0000000000000000000111000
0000000000000000000100000
0000000000000000000010000
0000000000000000000000000
0001000000000000001110000
0000000000000000000000111
0000000000111000000000000
0000000000100000000000000
0000000000010000000000000