100 100
0000000000000000000000000000000000000000000000000000000000000000000000000000000000000000000000000000
0000000000000000000100000000000000000000000000000000000000000000010000000000000000000000000000000000
0000000000000000000010000000000000000000000000000000000000000000111000000000000000000000000000000000
0000111000000000000001000000000000000000000000000000000000000000000000000000000000000000000000000000
0000000000000000000000000000000000000000000000000000000000000000000000000000000000000000000000000000
0000000000000000000000000000000000000000000000000000000000000000000000000000000000000000000000000000
0000000000000000000000000000000000000000000000000000000000000000000000000000000000000000000000000000
0000010000000000000000000000000000000000000000000000000000000000000000000000000000000000000000000000
0000010000000000000000000000000000000000000000000000000000000001100000000000000000000000000000000000
0000010000000000000000000000000000000000000000000000000000000011000000000000000000000000000000000000
0000000000000000111000000000000000000000000000000000000000000001000000000000000000000000000000000000
0000000000000000001000000000000000000000000000000000000000000000000000000000000000000000000000000000
0000000000000000010000000000000000000000000000000000000000000000000000000000000000000000000000000000
0001110000000000000000000000000000000000000000000000000000000000000000000000000000000001100000000000
0001000000000000000000000000000000000000000000000000000000000000000000000000000000000000110000000000
0000100000000000000000000000000000000000000000001110000000000000000000000000000000000000100000000000
0000000000000000000111000000000000000000000000000100000000000000000000000000000000000000000000000000
0000000000000000000100000000000000000000000000000000000000000000000000110000000000000000000000000000
0000000000000000000010000000000000000000000000000000000000000000000000011000000000000000000000000110
0000000000000000000000000000000000000000000000000000000000000000000000010000000000000000000000001100
0001000000000000001110000000000000000000000000000000000000000000000000000000000000000000000000000100
0011100000000000000000111000000000000000000000000000000000000000000000000000000000000000000000000000
0111110000111000000000000000000000000000000000000000000000000000000000000000110000000000000000000000
0011100000100000000000000000000000011110000000000000000000000000000000000001100000000000000000000000
0001000000010000000000000000000000010000000000000000000000000000000000000000100000000000000000000000
0000000000000000000000000000000000010000000000000000000000000000000000000000000000000000000000000000
0000000000000000000100000000000000001010000000000000000000000000000000000000000000000000000000000000
0000000000000000000010000000000000000000000000000000000000000000000000000000000000000000000000000000
0000111000000000000001000000000000000000000000000000000000000000111000000000000000000000000000000000
0000000000000000000000000000000000000000000000000000000000000000100000000000000000000000000000000000
0000000000000000000000000000000000000000000000000000000000000000010000000000000000000000000000000000
0000000000000000000000000000000000000000000000000000000000000000000000000000000000000000000000000000
0000010000000000000000000000000000000000000000000000000000000000000000000000000000000000000000000000
0000010000000000000000000000000100100000000000000000000000000000000000111100000000000000000000000000
0000010000000000000000000000001000000000000000000000000000000000000000100010000000000000000000000000
0000000000000000111000000000001000100000000000000000000000000000000000100000000000000000000000000000
0000000000000000001000000000001111000000000000000000000000000000000000010100000000000000000000000000
0000000000000000010000000000000000000000000000000000000000000000000000000000000000000000000000000000
0001110000000000000000000000000000000000000000000000000000000000000000000000000000111100000000000000
0001000000000000000000000000000000000000000000000000000000000000000000000000000000100010000000000000
0000100000000000000000000000000000000000000000000000000000110000000000000000000000100000000000000000
0000000000000000000111000000000000000000000000000000000001001000000000000000000000010100000000000000
0000000000000000000001000000000000000000000000000000000001001000000000000000000000000000000000000000
0000000000000000000010000000000000000000000000000000000000110000000000000000000000000000000000000000
0000000000000000000000000000000000000000000000000000000000000000000000000000000000000000000000000000
0001000000000000001110000000000000000000000000000000000000000000000000000000000000000000000000000000
0000000000000000000000111000000000000000000000000000000000000000000001100000000000000000000000000000
0000000000111000000000000000000000000000000000000000000000000000000011000000000000000000000000000000
0000000000100000000000000000000000000000000000000000000000000000000001000000000000000000000000000000
0000010000010000000000000000000000000000000000000000000000000000000000000000000000000000000000000000
0000010000000000000000000000000000000000000000000000000000000000000000000000000000000000000000000000
0000010000000000010100000000000000000000000000000000000000000000000000000000000000000000000000000000
0000000000000000001010000000000000000000000111000000000000000000000000000000000000000000000000000000
0000111000000000000101000000000000000000001000100000000000000000000000000000000000000000000000000000
0000000000000000000010000000000000000000001000100000000000000000000000000000000000000000000000000000
0000000000000000000000000000000000000000001000100000000000000000011111000000000000000000000000000000
0000000000000000000000000000000000000000000111000000000000000000001110000000000000000000000000000000
0000010000000000000000000000000000000000000000000000000000000000000100000000000000000000000000000000
0000010000000000000000000000000000000000000000000000000000000000000000000000000000000000000000000000
0000010000000000000000000000000000000000000000000000000000000000000000000000000011000000000000000000
0000000000000000111000000000000000000000000000000000110000000000000000000000000100100000000000000000
0000000000000000001000000000000000000000000000000000101000000000000000000000000011000000000000000000
0000000000000000010000000000000000000000000011000000011000000000000000000000000000000000000000000000
0001110000000000000000000000000000000000000100100000000000000000000000000000000000000000000000000000
0001000000000000000000000000000000000000000011000000000000000000000011000000000000000000000000000000
0000100000000000000000000000000000000000000000000000000000000000000001100000000000000000000000000000
0000000000000000000111000000000000000000000000000000000000000000000001000000000000000000000000000000
0000000000000000000100000000000000000000000000000000000000000000000000000000000000000000000000000000
0000000000000000000010000000000000000000000000000000000000000000000000000000000000000000000000000000
0000000000000000000000000000000000000000000000000000000000000000000000000000000000000000000000000000
0001000000000000001110000000000000000000000000000000000000000000000000000000000000000000000000000000
0000000000000000000000111000000000000000000000000000000000000000000000000000000000000000000000000000
0000000000111000000000000000000000000000000000000000000000000000100100000000000000000000000000000000
0000000000100000000000000000000000011110000000000000000000000000010000000000000000000000000000000000
0000000000010000000000000000000000010000000000000000000000000000000100000000000000000000000000000000
0000000000000000000000000000000000010000000000000000000000000000110011100000000000000000000000000000
0000000000000000000100000000000000001010000000000000000000000000000000000000000000000000000000000000
0000000000000000000010000000000000000000000000000000000000000000000000000000000000000000000000000000
0000111000000000000001000000000000000000000000000000000000000000000000000000000000000000000000000000
0000000000000000000000000000000000000000000000000000000000000000000000000000000000000000000000000000
0000000000000000000000000000000000000000000000000000000000000000000011110000000000000000000000000000
0000000000000000000000000000000000000000000000000000000000000000000010001000000000000000000000000000
0000010000000000000000000000000000000000000000000000000000000000000010000000000000000000000000000000
0000010000000000000000000000000100100000000000000000000000000000000001001000000000000000000000000000
0000010000000000000000000000001000000000000000000000000000000000000000000000000000000000000000000000
0000000000000000111000000000001000100000000000000000000000000000000000000000000000000000000000000000
0000000000000000001000000000001111000000000000000000000000000000000000000000000000000000000000000000
0000000000000000010000000000000000000000000000000000000000000000000000000000000000000000000000000000
0001110000000000000000000000000000000000000000000000000000000000000000011110000000000000000000000000
0001000000000000000000000000000000000000000000000000000000000000000000000000000000000000000000000000
0000100000000000000000000000000000000000000000000000000000000000000000011110000000000000000000000000
0000000000000000000111000000000000000000000000000000000000000000000000000000000000000000000000000000
0000000000000000000001000000000000000000000000000000000000000000000000000000000000000000000000000000
0000000000000000000010000000000000000000000000000000010000000000000000000000000000000000000000000000
0000000000000000000000000000000000000000000000000000111000000000000000000000000000000000000000000000
0001000000000000001110000000000000000000000000000000000000000000000000000000000000000000000000000000
0000000000000000000000111000000000000000000000000000000000000000000000000000000001111100000000000000
0000000000111000000000000000000000000000000000000000000000000000000000000000000001000000000000000000
0000000000100000000000000000000000000000000000000000000000000000000000000000000001001000000000000000
0000000000010000000000000000000000000000000000000000000000000000000000000000000001000100000000000000