50 50
00000000000000000000000000000000000000000000000000
00000000000000000001000000000000000000000000000000
00000000000000000000100000000000000000000000000000
00001110000000000000010000000000000000000000000000
00000000000000000000000000000000000000000000000000
00000000000000000000000000000000000000000000000000
00000000000000000000000000000000000000000000000000
00000100000000000000000000000000000000000000000000
00000100000000000000000000000000000000000000000000
00000100000000000000000000000000000000000000000000
00000000000000001110000000000000000000000000000000
00000000000000000010000000000000000000000000000000
00000000000000000100000000000000000000000000000000
00011100000000000000000000000000000000000000000000
00010000000000000000000000000000000000000000000000
00001000000000000000000000000000000000000000000000
00000000000000000001110000000000000000000000000000
00000000000000000001000000000000000000000000000000
00000000000000000000100000000000000000000000000000
00000000000000000000000000000000000000000000000000
00010000000000000011100000000000000000000000000000
00000000000000000000001110000000000000000000000000
00000000001110000000000000000000000000000000000000
00000000001000000000000000000000000111100000000000
00000000000100000000000000000000000100000000000000
00000000000000000000000000000000000100000000000000
00000000000000000001000000000000000010100000000000
00000000000000000000100000000000000000000000000000
00001110000000000000010000000000000000000000000000
00000000000000000000000000000000000000000000000000
00000000000000000000000000000000000000000000000000
00000000000000000000000000000000000000000000000000
00000100000000000000000000000000000000000000000000
00000100000000000000000000000001001000000000000000
00000100000000000000000000000010000000000000000000
00000000000000001110000000000010001000000000000000
00000000000000000010000000000011110000000000000000
00000000000000000100000000000000000000000000000000
00011100000000000000000000000000000000000000000000
00010000000000000000000000000000000000000000000000
00001000000000000000000000000000000000000000000000
00000000000000000001110000000000000000000000000000
00000000000000000000010000000000000000000000000000
00000000000000000000100000000000000000000000000000
00000000000000000000000000000000000000000000000000
00010000000000000011100000000000000000000000000000
00000000000000000000001110000000000000000000000000
00000000001110000000000000000000000000000000000000
00000000001000000000000000000000000000000000000000
00000000000100000000000000000000000000000000000000